lavaan 0.6-11 ended normally after 1 iterations

  Estimator                                         ML
  Optimization method                           NLMINB
  Number of model parameters                        75
                                                      
                                                  Used       Total
  Number of observations                          6341       16092
                                                                  
Model Test User Model:
                                                      
  Test statistic                                 0.000
  Degrees of freedom                                 0

Parameter Estimates:

  Standard errors                            Bootstrap
  Number of requested bootstrap draws            10000
  Number of successful bootstrap draws           10000

Regressions:
                       Estimate    Std.Err  z-value  P(>|z|) ci.lower  
  IncomeRanges_r ~                                                     
    HINTSIsR_ (ab)         -0.771    0.079   -9.721    0.000     -0.927
    Age_c                   0.010    0.003    3.000    0.003      0.004
    Age_c_pw2              -0.001    0.000  -10.740    0.000     -0.001
    Gndr3C_Ml               0.453    0.054    8.361    0.000      0.346
    Gnd3C_MOM              -0.730    0.148   -4.940    0.000     -1.023
    RPP2_A_I_              -0.862    0.397   -2.168    0.030     -1.638
    RcPP2_A_I               0.376    0.235    1.602    0.109     -0.087
    RcPP2_Blc              -1.494    0.081  -18.348    0.000     -1.656
    RcPP2_Chn              -0.019    0.270   -0.069    0.945     -0.559
    RcPP2_Flp               0.154    0.223    0.692    0.489     -0.298
    RcPP2_Jpn               0.823    0.329    2.503    0.012      0.157
    RcPP2_Krn               0.140    0.397    0.352    0.725     -0.648
    RcPP2_M_D              -0.564    0.161   -3.493    0.000     -0.875
    RcPP2_M__              -0.808    0.146   -5.534    0.000     -1.102
    RcPP2_O_A              -0.590    0.301   -1.962    0.050     -1.205
    RcPP2_P_I              -1.873    0.424   -4.420    0.000     -2.698
    RcPP2_Vtn               0.187    0.288    0.650    0.515     -0.389
    Hsp_Ct2_U              -0.690    0.131   -5.279    0.000     -0.943
    Hsp_Ct2_M              -0.761    0.116   -6.565    0.000     -0.990
    Hs_C2_O_H              -0.732    0.143   -5.134    0.000     -1.009
    Hs_C2_P_R              -1.427    0.235   -6.065    0.000     -1.896
    H_C2_M_H_              -0.381    0.324   -1.176    0.240     -1.033
    Hsp_Ct2_C              -0.130    0.334   -0.389    0.697     -0.798
  Fruit_vegetables_z ~                                                 
    IncmRngs_ (bc)          0.080    0.006   13.027    0.000      0.068
    HINTSIsR_ (ac)         -0.066    0.038   -1.757    0.079     -0.140
    Age_c                  -0.002    0.002   -1.151    0.250     -0.005
    Age_c_pw2               0.000    0.000    0.544    0.586     -0.000
    Gndr3C_Ml              -0.202    0.025   -7.994    0.000     -0.252
    Gnd3C_MOM              -0.011    0.065   -0.164    0.870     -0.141
    RPP2_A_I_               0.077    0.188    0.411    0.681     -0.305
    RcPP2_A_I              -0.209    0.125   -1.678    0.093     -0.457
    RcPP2_Blc               0.099    0.038    2.596    0.009      0.024
    RcPP2_Chn               0.222    0.117    1.890    0.059      0.001
    RcPP2_Flp              -0.216    0.133   -1.625    0.104     -0.478
    RcPP2_Jpn               0.195    0.304    0.641    0.522     -0.386
    RcPP2_Krn              -0.086    0.182   -0.472    0.637     -0.435
    RcPP2_M_D               0.002    0.069    0.029    0.977     -0.136
    RcPP2_M__               0.148    0.071    2.094    0.036      0.008
    RcPP2_O_A              -0.161    0.164   -0.981    0.327     -0.492
    RcPP2_P_I               0.119    0.166    0.719    0.472     -0.202
    RcPP2_Vtn               0.217    0.201    1.077    0.281     -0.175
    Hsp_Ct2_U               0.017    0.064    0.268    0.789     -0.107
    Hsp_Ct2_M              -0.032    0.051   -0.617    0.537     -0.132
    Hs_C2_O_H              -0.120    0.062   -1.941    0.052     -0.237
    Hs_C2_P_R              -0.043    0.107   -0.397    0.691     -0.249
    H_C2_M_H_               0.036    0.156    0.230    0.818     -0.274
    Hsp_Ct2_C               0.203    0.135    1.504    0.132     -0.063
  EverHadCancer_i ~                                                    
    Frt_vgtb_ (cd)          0.004    0.004    0.927    0.354     -0.005
    IncmRngs_ (bd)          0.002    0.002    0.888    0.375     -0.002
    HINTSIsR_ (ad)         -0.015    0.013   -1.092    0.275     -0.041
    Age_c                   0.004    0.000   10.591    0.000      0.004
    Age_c_pw2               0.000    0.000    3.696    0.000      0.000
    Gndr3C_Ml               0.004    0.009    0.395    0.693     -0.014
    Gnd3C_MOM               0.001    0.025    0.041    0.968     -0.046
    RPP2_A_I_               0.090    0.062    1.459    0.144     -0.027
    RcPP2_A_I              -0.069    0.033   -2.071    0.038     -0.130
    RcPP2_Blc              -0.073    0.012   -6.080    0.000     -0.096
    RcPP2_Chn              -0.102    0.029   -3.546    0.000     -0.154
    RcPP2_Flp              -0.081    0.039   -2.087    0.037     -0.151
    RcPP2_Jpn               0.073    0.092    0.793    0.428     -0.100
    RcPP2_Krn              -0.134    0.039   -3.399    0.001     -0.197
    RcPP2_M_D              -0.017    0.018   -0.944    0.345     -0.052
    RcPP2_M__               0.029    0.024    1.196    0.232     -0.017
    RcPP2_O_A              -0.053    0.035   -1.538    0.124     -0.111
    RcPP2_P_I              -0.011    0.057   -0.197    0.844     -0.109
    RcPP2_Vtn              -0.046    0.058   -0.786    0.432     -0.145
    Hsp_Ct2_U              -0.020    0.023   -0.845    0.398     -0.065
    Hsp_Ct2_M              -0.096    0.013   -7.483    0.000     -0.121
    Hs_C2_O_H              -0.083    0.017   -5.010    0.000     -0.116
    Hs_C2_P_R              -0.090    0.032   -2.840    0.005     -0.148
    H_C2_M_H_              -0.016    0.048   -0.334    0.739     -0.103
    Hsp_Ct2_C               0.035    0.060    0.587    0.557     -0.076
 ci.upper  
           
     -0.616
      0.017
     -0.001
      0.559
     -0.444
     -0.059
      0.823
     -1.336
      0.498
      0.585
      1.450
      0.917
     -0.246
     -0.523
     -0.031
     -1.037
      0.741
     -0.437
     -0.538
     -0.450
     -0.965
      0.240
      0.512
           
      0.092
      0.009
      0.001
      0.000
     -0.153
      0.116
      0.432
      0.034
      0.174
      0.456
      0.049
      0.811
      0.287
      0.135
      0.286
      0.162
      0.449
      0.616
      0.142
      0.069
      0.003
      0.169
      0.342
      0.469
           
      0.013
      0.006
      0.012
      0.005
      0.000
      0.021
      0.050
      0.218
      0.000
     -0.049
     -0.042
      0.002
      0.257
     -0.046
      0.019
      0.076
      0.023
      0.111
      0.079
      0.027
     -0.070
     -0.051
     -0.024
      0.082
      0.161

Variances:
                   Estimate    Std.Err  z-value  P(>|z|) ci.lower   ci.upper  
   .IncomeRanges_r      4.343    0.069   62.628    0.000      4.190      4.465
   .Fruit_vgtbls_z      0.944    0.016   57.978    0.000      0.909      0.972
   .EverHadCancer_      0.117    0.003   43.274    0.000      0.111      0.122

Defined Parameters:
                   Estimate    Std.Err  z-value  P(>|z|) ci.lower   ci.upper  
    indirect_effct     -0.000    0.000   -0.913    0.361     -0.001      0.000
    effct_v_nc_nly     -0.001    0.002   -0.881    0.378     -0.005      0.002
    effct_v_frt_v_     -0.000    0.000   -0.728    0.467     -0.001      0.000
    direct_effect      -0.015    0.013   -1.092    0.275     -0.041      0.012

